Each line is a matrix, where each tab delimited set of numbers is a row 
---
1	2	3			4	5	6			7	8	9	
		
+

0	9	8			7	6	5			4	3	2	
		
=

1	11	11			11	11	11			11	11	11			

---
1	2	3			4	5	6			7	8	9			

*

0	9	8			7	6	5			4	3	2			

=

26	30	24			59	84	69			92	138	114			

---
1	2	3			4	5	6			7	8	9			

+

0	9	8			7	6	5			4	3	2			

=

1	-7	-5			-3	-1	1			3	5	7			

-----------------------------
Transposed:
1	4	7			2	5	8			3	6	9			
-----------------------------
1	2	3			4	5	6			7	8	9			

*

0	9	8			7	6	5			4	3	2			

=

26	30	24			59	84	69			92	138	114			

-----------------------------
1	2	3			4	5	6			7	8	9			

*

0	9	8			7	6	5			4	3	2			

=

26	30	24			59	84	69			92	138	114			

-----------------------------
1	2	3			4	5	6			7	8	9			

+

0	9	8			7	6	5			4	3	2			

=

1	11	11			11	11	11			11	11	11			

